Number of vertices: 14
2.875570976809943e-17 -0.5000000000000001 -0.5000000000000001
0.25000000000000006 -0.5000000000000001 -0.25000000000000006
0.24000000000000002 0.48000000000000004 -0.2800000000000001
0.16000000000000006 0.3200000000000001 -0.5000000000000001
0.16000000000000006 0.34000000000000014 -0.5000000000000001
2.875570976809943e-17 2.875570976809943e-17 0.49000000000000005
2.875570976809943e-17 0.49000000000000005 0.49000000000000005
2.875570976809943e-17 0.49000000000000005 -0.5000000000000001
0.17000000000000007 0.34000000000000014 -0.49000000000000005
0.010000000000000038 0.49000000000000005 -0.5000000000000001
0.16000000000000006 0.3200000000000001 0.49000000000000005
0.16000000000000006 0.3300000000000001 0.49000000000000005
0.24000000000000002 0.49000000000000005 -0.2700000000000001
0.24000000000000002 0.49000000000000005 -0.25000000000000006
